0	<PAD>
1	-1
2	0
3	1
4	2
5	3
6	4
7	5
8	6
9	7
10	8
11	9
12	10
13	11
14	12
15	13
16	14
17	15
18	16
19	17
20	18
21	19
22	20
23	21
24	22
25	23
26	24
27	25
28	26
29	27
30	28
31	29
32	30
33	31
34	32
35	33
36	34
37	35
38	36
39	37
40	38
41	39
42	40
43	41
44	42
45	43
46	44
47	45
48	46
49	47
50	48
51	49
52	50
53	51
54	52
55	53
56	54
57	55
58	56
59	57
60	58
61	59
62	60
63	61
64	62
65	63
66	64
67	65
68	66
69	67
70	68
71	69
72	70
73	71
74	72
75	73
76	74
77	75
78	76
79	77
80	78
81	79
82	80
83	81
84	82
85	83
86	84
87	85
88	86
89	87
90	88
91	89
92	90
93	91
94	92
95	93
96	94
97	95
98	96
99	97
100	98
101	99
102	100
103	101
104	102
105	103
106	104
107	105
108	106
109	107
110	108
111	109
112	110
113	111
114	112
115	113
116	114
117	115
118	116
119	117
120	118
121	119
122	120
123	121
124	122
125	123
126	124
127	125
128	126
129	127
130	128
131	129
132	130
133	131
134	132
135	133
136	134
137	135
138	136
139	137
140	138
141	139
142	140
143	141
144	142
145	143
146	144
147	145
148	146
149	147
150	148
151	-12
152	-11
153	-10
154	-9
155	-8
156	-7
157	-6
158	-5
159	-4
160	-3
161	-2
162	-14
163	-13
164	-26
165	-25
166	-24
167	-23
168	-22
169	-21
170	-20
171	-19
172	-18
173	-17
174	-16
175	-15
176	149
177	-35
178	-34
179	-33
180	-32
181	-31
182	-30
183	-29
184	-28
185	-27
186	-40
187	-39
188	-38
189	-37
190	-36
191	-41
192	-43
193	-42
194	-45
195	-44
196	-48
197	-47
198	-46
199	-78
200	-77
201	-76
202	-75
203	-74
204	-73
205	-72
206	-71
207	-70
208	-69
209	-68
210	-67
211	-66
212	-65
213	-64
214	-63
215	-62
216	-61
217	-60
218	-59
219	-58
220	-57
221	-56
222	-55
223	-54
224	-53
225	-52
226	-51
227	-50
228	-49
229	-80
230	-79
231	-82
232	-81
233	-85
234	-84
235	-83
236	-87
237	-86
238	-89
239	-88
240	-91
241	-90
242	-93
243	-92
244	-95
245	-94
246	-98
247	-97
248	-96
249	-100
250	-99
