0	<PAD>
1	-8
2	-7
3	-6
4	-5
5	-4
6	-3
7	-2
8	-1
9	0
10	1
11	2
12	3
13	4
14	5
15	6
16	7
17	8
18	9
19	10
20	11
21	12
22	13
23	14
24	15
25	16
26	17
27	18
28	19
29	20
30	21
31	22
32	23
33	24
34	25
35	26
36	27
37	28
38	29
39	30
40	31
41	32
42	33
43	34
44	35
45	36
46	37
47	38
48	39
49	40
50	41
51	42
52	43
53	44
54	45
55	46
56	47
57	48
58	49
59	50
60	51
61	52
62	53
63	54
64	55
65	56
66	57
67	58
68	59
69	60
70	61
71	62
72	63
73	64
74	65
75	66
76	67
77	68
78	69
79	70
80	71
81	72
82	73
83	74
84	75
85	76
86	77
87	78
88	79
89	80
90	81
91	82
92	83
93	84
94	85
95	86
96	87
97	88
98	89
99	90
100	91
101	92
102	93
103	94
104	95
105	96
106	97
107	98
108	99
109	100
110	101
111	102
112	103
113	104
114	105
115	106
116	107
117	108
118	109
119	110
120	111
121	112
122	113
123	114
124	115
125	116
126	117
127	118
128	119
129	120
130	121
131	122
132	123
133	124
134	125
135	126
136	127
137	128
138	129
139	130
140	131
141	132
142	133
143	134
144	135
145	136
146	137
147	138
148	139
149	140
150	141
151	-26
152	-25
153	-24
154	-23
155	-22
156	-21
157	-20
158	-19
159	-18
160	-17
161	-16
162	-15
163	-14
164	-13
165	-12
166	-11
167	-10
168	-9
169	-32
170	-31
171	-30
172	-29
173	-28
174	-27
175	142
176	-47
177	-46
178	-45
179	-44
180	-43
181	-42
182	-41
183	-40
184	-39
185	-38
186	-37
187	-36
188	-35
189	-34
190	-33
191	143
192	144
193	145
194	146
195	147
196	-57
197	-56
198	-55
199	-54
200	-53
201	-52
202	-51
203	-50
204	-49
205	-48
206	-80
207	-79
208	-78
209	-77
210	-76
211	-75
212	-74
213	-73
214	-72
215	-71
216	-70
217	-69
218	-68
219	-67
220	-66
221	-65
222	-64
223	-63
224	-62
225	-61
226	-60
227	-59
228	-58
229	-82
230	-81
231	-85
232	-84
233	-83
234	-87
235	-86
236	-89
237	-88
238	-93
239	-92
240	-91
241	-90
242	148
243	-95
244	-94
245	-98
246	-97
247	-96
248	-100
249	-99
250	-108
251	-107
252	-106
253	-105
254	-104
255	-103
256	-102
257	-101
258	-110
259	-109
260	-112
261	-111
262	-116
263	-115
264	-114
265	-113
